1.0E-46      ! scale_factor sigma in cm**5/molecule**2
0           ! header lines
378         ! data lines, nlam
# O2-O2 CIA subset extracted from vendor/disamar-fortran/RefSpec/O2O2T_BIRA.dat
# Wavelength    a0            a1          a2
  760.8064414   4.88E+00    0.00E+00    0.00E+00
  760.8343477   4.89E+00    0.00E+00    0.00E+00
  760.8622618   4.90E+00    0.00E+00    0.00E+00
  760.8901721   4.90E+00    0.00E+00    0.00E+00
  760.9180845   4.90E+00    0.00E+00    0.00E+00
  760.9459989   4.91E+00    0.00E+00    0.00E+00
  760.9739154   4.91E+00    0.00E+00    0.00E+00
  761.0018340   4.91E+00    0.00E+00    0.00E+00
  761.0297603   4.92E+00    0.00E+00    0.00E+00
  761.0576830   4.92E+00    0.00E+00    0.00E+00
  761.0856076   4.92E+00    0.00E+00    0.00E+00
  761.1135344   4.92E+00    0.00E+00    0.00E+00
  761.1414631   4.92E+00    0.00E+00    0.00E+00
  761.1693940   4.92E+00    0.00E+00    0.00E+00
  761.1973327   4.93E+00    0.00E+00    0.00E+00
  761.2252676   4.93E+00    0.00E+00    0.00E+00
  761.2532046   4.93E+00    0.00E+00    0.00E+00
  761.2811436   4.93E+00    0.00E+00    0.00E+00
  761.3090847   4.93E+00    0.00E+00    0.00E+00
  761.3370278   4.93E+00    0.00E+00    0.00E+00
  761.3649788   4.92E+00    0.00E+00    0.00E+00
  761.3929260   4.92E+00    0.00E+00    0.00E+00
  761.4208753   4.92E+00    0.00E+00    0.00E+00
  761.4488267   4.92E+00    0.00E+00    0.00E+00
  761.4767800   4.92E+00    0.00E+00    0.00E+00
  761.5047355   4.92E+00    0.00E+00    0.00E+00
  761.5326988   4.92E+00    0.00E+00    0.00E+00
  761.5606583   4.92E+00    0.00E+00    0.00E+00
  761.5886199   4.92E+00    0.00E+00    0.00E+00
  761.6165836   4.92E+00    0.00E+00    0.00E+00
  761.6445493   4.91E+00    0.00E+00    0.00E+00
  761.6725171   4.91E+00    0.00E+00    0.00E+00
  761.7004927   4.91E+00    0.00E+00    0.00E+00
  761.7284646   4.91E+00    0.00E+00    0.00E+00
  761.7564385   4.91E+00    0.00E+00    0.00E+00
  761.7844145   4.91E+00    0.00E+00    0.00E+00
  761.8123925   4.91E+00    0.00E+00    0.00E+00
  761.8403726   4.91E+00    0.00E+00    0.00E+00
  761.8683606   4.91E+00    0.00E+00    0.00E+00
  761.8963448   4.91E+00    0.00E+00    0.00E+00
  761.9243310   4.91E+00    0.00E+00    0.00E+00
  761.9523193   4.91E+00    0.00E+00    0.00E+00
  761.9803097   4.91E+00    0.00E+00    0.00E+00
  762.0083021   4.91E+00    0.00E+00    0.00E+00
  762.0363024   4.91E+00    0.00E+00    0.00E+00
  762.0642990   4.91E+00    0.00E+00    0.00E+00
  762.0922976   4.91E+00    0.00E+00    0.00E+00
  762.1202982   4.91E+00    0.00E+00    0.00E+00
  762.1483010   4.91E+00    0.00E+00    0.00E+00
  762.1763057   4.92E+00    0.00E+00    0.00E+00
  762.2043184   4.92E+00    0.00E+00    0.00E+00
  762.2323273   4.92E+00    0.00E+00    0.00E+00
  762.2603382   4.92E+00    0.00E+00    0.00E+00
  762.2883512   4.93E+00    0.00E+00    0.00E+00
  762.3163663   4.93E+00    0.00E+00    0.00E+00
  762.3443834   4.93E+00    0.00E+00    0.00E+00
  762.3724084   4.94E+00    0.00E+00    0.00E+00
  762.4004296   4.94E+00    0.00E+00    0.00E+00
  762.4284530   4.95E+00    0.00E+00    0.00E+00
  762.4564783   4.95E+00    0.00E+00    0.00E+00
  762.4845057   4.96E+00    0.00E+00    0.00E+00
  762.5125352   4.96E+00    0.00E+00    0.00E+00
  762.5405726   4.97E+00    0.00E+00    0.00E+00
  762.5686062   4.97E+00    0.00E+00    0.00E+00
  762.5966419   4.98E+00    0.00E+00    0.00E+00
  762.6246796   4.99E+00    0.00E+00    0.00E+00
  762.6527194   4.99E+00    0.00E+00    0.00E+00
  762.6807613   5.00E+00    0.00E+00    0.00E+00
  762.7088110   5.01E+00    0.00E+00    0.00E+00
  762.7368570   5.02E+00    0.00E+00    0.00E+00
  762.7649050   5.03E+00    0.00E+00    0.00E+00
  762.7929551   5.04E+00    0.00E+00    0.00E+00
  762.8210073   5.04E+00    0.00E+00    0.00E+00
  762.8490615   5.05E+00    0.00E+00    0.00E+00
  762.8771236   5.06E+00    0.00E+00    0.00E+00
  762.9051820   5.07E+00    0.00E+00    0.00E+00
  762.9332424   5.08E+00    0.00E+00    0.00E+00
  762.9613049   5.09E+00    0.00E+00    0.00E+00
  762.9893695   5.10E+00    0.00E+00    0.00E+00
  763.0174361   5.11E+00    0.00E+00    0.00E+00
  763.0455106   5.13E+00    0.00E+00    0.00E+00
  763.0735813   5.14E+00    0.00E+00    0.00E+00
  763.1016541   5.15E+00    0.00E+00    0.00E+00
  763.1297290   5.16E+00    0.00E+00    0.00E+00
  763.1578060   5.17E+00    0.00E+00    0.00E+00
  763.1858850   5.18E+00    0.00E+00    0.00E+00
  763.2139719   5.19E+00    0.00E+00    0.00E+00
  763.2420550   5.21E+00    0.00E+00    0.00E+00
  763.2701402   5.22E+00    0.00E+00    0.00E+00
  763.2982275   5.23E+00    0.00E+00    0.00E+00
  763.3263169   5.24E+00    0.00E+00    0.00E+00
  763.3544083   5.25E+00    0.00E+00    0.00E+00
  763.3825076   5.26E+00    0.00E+00    0.00E+00
  763.4106031   5.28E+00    0.00E+00    0.00E+00
  763.4387008   5.29E+00    0.00E+00    0.00E+00
  763.4668004   5.30E+00    0.00E+00    0.00E+00
  763.4949022   5.31E+00    0.00E+00    0.00E+00
  763.5230118   5.32E+00    0.00E+00    0.00E+00
  763.5511177   5.33E+00    0.00E+00    0.00E+00
  763.5792257   5.34E+00    0.00E+00    0.00E+00
  763.6073357   5.36E+00    0.00E+00    0.00E+00
  763.6354478   5.37E+00    0.00E+00    0.00E+00
  763.6635620   5.38E+00    0.00E+00    0.00E+00
  763.6916841   5.39E+00    0.00E+00    0.00E+00
  763.7198024   5.40E+00    0.00E+00    0.00E+00
  763.7479228   5.41E+00    0.00E+00    0.00E+00
  763.7760452   5.42E+00    0.00E+00    0.00E+00
  763.8041697   5.43E+00    0.00E+00    0.00E+00
  763.8322963   5.44E+00    0.00E+00    0.00E+00
  763.8604308   5.44E+00    0.00E+00    0.00E+00
  763.8885616   5.45E+00    0.00E+00    0.00E+00
  763.9166944   5.46E+00    0.00E+00    0.00E+00
  763.9448293   5.47E+00    0.00E+00    0.00E+00
  763.9729662   5.47E+00    0.00E+00    0.00E+00
  764.0011053   5.48E+00    0.00E+00    0.00E+00
  764.0292464   5.49E+00    0.00E+00    0.00E+00
  764.0573954   5.49E+00    0.00E+00    0.00E+00
  764.0855406   5.50E+00    0.00E+00    0.00E+00
  764.1136880   5.50E+00    0.00E+00    0.00E+00
  764.1418373   5.50E+00    0.00E+00    0.00E+00
  764.1699888   5.51E+00    0.00E+00    0.00E+00
  764.1981424   5.51E+00    0.00E+00    0.00E+00
  764.2263038   5.51E+00    0.00E+00    0.00E+00
  764.2544615   5.51E+00    0.00E+00    0.00E+00
  764.2826213   5.51E+00    0.00E+00    0.00E+00
  764.3107831   5.51E+00    0.00E+00    0.00E+00
  764.3389471   5.51E+00    0.00E+00    0.00E+00
  764.3671130   5.51E+00    0.00E+00    0.00E+00
  764.3952870   5.51E+00    0.00E+00    0.00E+00
  764.4234571   5.51E+00    0.00E+00    0.00E+00
  764.4516293   5.50E+00    0.00E+00    0.00E+00
  764.4798036   5.50E+00    0.00E+00    0.00E+00
  764.5079800   5.49E+00    0.00E+00    0.00E+00
  764.5361643   5.49E+00    0.00E+00    0.00E+00
  764.5643449   5.48E+00    0.00E+00    0.00E+00
  764.5925275   5.47E+00    0.00E+00    0.00E+00
  764.6207122   5.47E+00    0.00E+00    0.00E+00
  764.6488989   5.46E+00    0.00E+00    0.00E+00
  764.6770878   5.45E+00    0.00E+00    0.00E+00
  764.7052845   5.44E+00    0.00E+00    0.00E+00
  764.7334775   5.43E+00    0.00E+00    0.00E+00
  764.7616726   5.41E+00    0.00E+00    0.00E+00
  764.7898698   5.40E+00    0.00E+00    0.00E+00
  764.8180690   5.39E+00    0.00E+00    0.00E+00
  764.8462703   5.37E+00    0.00E+00    0.00E+00
  764.8744737   5.36E+00    0.00E+00    0.00E+00
  764.9026851   5.34E+00    0.00E+00    0.00E+00
  764.9308926   5.32E+00    0.00E+00    0.00E+00
  764.9591023   5.31E+00    0.00E+00    0.00E+00
  764.9873140   5.29E+00    0.00E+00    0.00E+00
  765.0155278   5.27E+00    0.00E+00    0.00E+00
  765.0437437   5.25E+00    0.00E+00    0.00E+00
  765.0719675   5.23E+00    0.00E+00    0.00E+00
  765.1001875   5.20E+00    0.00E+00    0.00E+00
  765.1284097   5.18E+00    0.00E+00    0.00E+00
  765.1566339   5.16E+00    0.00E+00    0.00E+00
  765.1848602   5.13E+00    0.00E+00    0.00E+00
  765.2130885   5.11E+00    0.00E+00    0.00E+00
  765.2413249   5.08E+00    0.00E+00    0.00E+00
  765.2695574   5.06E+00    0.00E+00    0.00E+00
  765.2977920   5.03E+00    0.00E+00    0.00E+00
  765.3260287   5.00E+00    0.00E+00    0.00E+00
  765.3542675   4.97E+00    0.00E+00    0.00E+00
  765.3825143   4.94E+00    0.00E+00    0.00E+00
  765.4107572   4.91E+00    0.00E+00    0.00E+00
  765.4390023   4.88E+00    0.00E+00    0.00E+00
  765.4672494   4.85E+00    0.00E+00    0.00E+00
  765.4954986   4.82E+00    0.00E+00    0.00E+00
  765.5237499   4.79E+00    0.00E+00    0.00E+00
  765.5520092   4.75E+00    0.00E+00    0.00E+00
  765.5802646   4.72E+00    0.00E+00    0.00E+00
  765.6085222   4.69E+00    0.00E+00    0.00E+00
  765.6367818   4.65E+00    0.00E+00    0.00E+00
  765.6650436   4.62E+00    0.00E+00    0.00E+00
  765.6933074   4.58E+00    0.00E+00    0.00E+00
  765.7215791   4.54E+00    0.00E+00    0.00E+00
  765.7498471   4.51E+00    0.00E+00    0.00E+00
  765.7781172   4.47E+00    0.00E+00    0.00E+00
  765.8063894   4.43E+00    0.00E+00    0.00E+00
  765.8346636   4.39E+00    0.00E+00    0.00E+00
  765.8629400   4.35E+00    0.00E+00    0.00E+00
  765.8912184   4.31E+00    0.00E+00    0.00E+00
  765.9195048   4.27E+00    0.00E+00    0.00E+00
  765.9477874   4.24E+00    0.00E+00    0.00E+00
  765.9760721   4.19E+00    0.00E+00    0.00E+00
  766.0043589   4.15E+00    0.00E+00    0.00E+00
  766.0326477   4.11E+00    0.00E+00    0.00E+00
  766.0609387   4.07E+00    0.00E+00    0.00E+00
  766.0892376   4.03E+00    0.00E+00    0.00E+00
  766.1175328   3.99E+00    0.00E+00    0.00E+00
  766.1458300   3.95E+00    0.00E+00    0.00E+00
  766.1741293   3.91E+00    0.00E+00    0.00E+00
  766.2024307   3.86E+00    0.00E+00    0.00E+00
  766.2307401   3.82E+00    0.00E+00    0.00E+00
  766.2590457   3.78E+00    0.00E+00    0.00E+00
  766.2873534   3.74E+00    0.00E+00    0.00E+00
  766.3156632   3.69E+00    0.00E+00    0.00E+00
  766.3439751   3.65E+00    0.00E+00    0.00E+00
  766.3722890   3.61E+00    0.00E+00    0.00E+00
  766.4006110   3.57E+00    0.00E+00    0.00E+00
  766.4289291   3.52E+00    0.00E+00    0.00E+00
  766.4572493   3.48E+00    0.00E+00    0.00E+00
  766.4855717   3.44E+00    0.00E+00    0.00E+00
  766.5138961   3.40E+00    0.00E+00    0.00E+00
  766.5422226   3.36E+00    0.00E+00    0.00E+00
  766.5705571   3.31E+00    0.00E+00    0.00E+00
  766.5988878   3.27E+00    0.00E+00    0.00E+00
  766.6272206   3.23E+00    0.00E+00    0.00E+00
  766.6555555   3.19E+00    0.00E+00    0.00E+00
  766.6838925   3.14E+00    0.00E+00    0.00E+00
  766.7122316   3.10E+00    0.00E+00    0.00E+00
  766.7405728   3.06E+00    0.00E+00    0.00E+00
  766.7689219   3.02E+00    0.00E+00    0.00E+00
  766.7972673   2.98E+00    0.00E+00    0.00E+00
  766.8256148   2.94E+00    0.00E+00    0.00E+00
  766.8539644   2.90E+00    0.00E+00    0.00E+00
  766.8823160   2.86E+00    0.00E+00    0.00E+00
  766.9106698   2.82E+00    0.00E+00    0.00E+00
  766.9390315   2.78E+00    0.00E+00    0.00E+00
  766.9673895   2.74E+00    0.00E+00    0.00E+00
  766.9957495   2.70E+00    0.00E+00    0.00E+00
  767.0241117   2.67E+00    0.00E+00    0.00E+00
  767.0524759   2.63E+00    0.00E+00    0.00E+00
  767.0808423   2.59E+00    0.00E+00    0.00E+00
  767.1092166   2.55E+00    0.00E+00    0.00E+00
  767.1375871   2.52E+00    0.00E+00    0.00E+00
  767.1659598   2.48E+00    0.00E+00    0.00E+00
  767.1943345   2.44E+00    0.00E+00    0.00E+00
  767.2227113   2.41E+00    0.00E+00    0.00E+00
  767.2510961   2.37E+00    0.00E+00    0.00E+00
  767.2794772   2.34E+00    0.00E+00    0.00E+00
  767.3078603   2.30E+00    0.00E+00    0.00E+00
  767.3362456   2.27E+00    0.00E+00    0.00E+00
  767.3646329   2.24E+00    0.00E+00    0.00E+00
  767.3930223   2.20E+00    0.00E+00    0.00E+00
  767.4214197   2.17E+00    0.00E+00    0.00E+00
  767.4498134   2.14E+00    0.00E+00    0.00E+00
  767.4782091   2.11E+00    0.00E+00    0.00E+00
  767.5066070   2.08E+00    0.00E+00    0.00E+00
  767.5350069   2.05E+00    0.00E+00    0.00E+00
  767.5634090   2.02E+00    0.00E+00    0.00E+00
  767.5918190   1.99E+00    0.00E+00    0.00E+00
  767.6202252   1.96E+00    0.00E+00    0.00E+00
  767.6486336   1.93E+00    0.00E+00    0.00E+00
  767.6770440   1.90E+00    0.00E+00    0.00E+00
  767.7054566   1.87E+00    0.00E+00    0.00E+00
  767.7338713   1.85E+00    0.00E+00    0.00E+00
  767.7622880   1.82E+00    0.00E+00    0.00E+00
  767.7907128   1.79E+00    0.00E+00    0.00E+00
  767.8191338   1.77E+00    0.00E+00    0.00E+00
  767.8475568   1.74E+00    0.00E+00    0.00E+00
  767.8759820   1.72E+00    0.00E+00    0.00E+00
  767.9044093   1.69E+00    0.00E+00    0.00E+00
  767.9328387   1.67E+00    0.00E+00    0.00E+00
  767.9612761   1.65E+00    0.00E+00    0.00E+00
  767.9897097   1.62E+00    0.00E+00    0.00E+00
  768.0181454   1.60E+00    0.00E+00    0.00E+00
  768.0465832   1.58E+00    0.00E+00    0.00E+00
  768.0750231   1.56E+00    0.00E+00    0.00E+00
  768.1034710   1.54E+00    0.00E+00    0.00E+00
  768.1319152   1.51E+00    0.00E+00    0.00E+00
  768.1603614   1.49E+00    0.00E+00    0.00E+00
  768.1888097   1.47E+00    0.00E+00    0.00E+00
  768.2172602   1.46E+00    0.00E+00    0.00E+00
  768.2457128   1.44E+00    0.00E+00    0.00E+00
  768.2741733   1.42E+00    0.00E+00    0.00E+00
  768.3026301   1.40E+00    0.00E+00    0.00E+00
  768.3310890   1.38E+00    0.00E+00    0.00E+00
  768.3595500   1.36E+00    0.00E+00    0.00E+00
  768.3880131   1.35E+00    0.00E+00    0.00E+00
  768.4164783   1.33E+00    0.00E+00    0.00E+00
  768.4449515   1.31E+00    0.00E+00    0.00E+00
  768.4734209   1.30E+00    0.00E+00    0.00E+00
  768.5018925   1.28E+00    0.00E+00    0.00E+00
  768.5303661   1.26E+00    0.00E+00    0.00E+00
  768.5588419   1.25E+00    0.00E+00    0.00E+00
  768.5873198   1.23E+00    0.00E+00    0.00E+00
  768.6157997   1.22E+00    0.00E+00    0.00E+00
  768.6442877   1.21E+00    0.00E+00    0.00E+00
  768.6727719   1.19E+00    0.00E+00    0.00E+00
  768.7012582   1.18E+00    0.00E+00    0.00E+00
  768.7297467   1.16E+00    0.00E+00    0.00E+00
  768.7582372   1.15E+00    0.00E+00    0.00E+00
  768.7867298   1.14E+00    0.00E+00    0.00E+00
  768.8152305   1.13E+00    0.00E+00    0.00E+00
  768.8437274   1.11E+00    0.00E+00    0.00E+00
  768.8722264   1.10E+00    0.00E+00    0.00E+00
  768.9007275   1.09E+00    0.00E+00    0.00E+00
  768.9292307   1.08E+00    0.00E+00    0.00E+00
  768.9577360   1.07E+00    0.00E+00    0.00E+00
  768.9862493   1.06E+00    0.00E+00    0.00E+00
  769.0147589   1.04E+00    0.00E+00    0.00E+00
  769.0432706   1.03E+00    0.00E+00    0.00E+00
  769.0717843   1.02E+00    0.00E+00    0.00E+00
  769.1003002   1.01E+00    0.00E+00    0.00E+00
  769.1288242   1.00E+00    0.00E+00    0.00E+00
  769.1573443   9.92E-01    0.00E+00    0.00E+00
  769.1858665   9.82E-01    0.00E+00    0.00E+00
  769.2143909   9.72E-01    0.00E+00    0.00E+00
  769.2429174   9.62E-01    0.00E+00    0.00E+00
  769.2714459   9.53E-01    0.00E+00    0.00E+00
  769.2999826   9.43E-01    0.00E+00    0.00E+00
  769.3285154   9.34E-01    0.00E+00    0.00E+00
  769.3570503   9.25E-01    0.00E+00    0.00E+00
  769.3855874   9.16E-01    0.00E+00    0.00E+00
  769.4141265   9.07E-01    0.00E+00    0.00E+00
  769.4426678   8.99E-01    0.00E+00    0.00E+00
  769.4712171   8.90E-01    0.00E+00    0.00E+00
  769.4997627   8.81E-01    0.00E+00    0.00E+00
  769.5283103   8.73E-01    0.00E+00    0.00E+00
  769.5568601   8.65E-01    0.00E+00    0.00E+00
  769.5854119   8.57E-01    0.00E+00    0.00E+00
  769.6139659   8.48E-01    0.00E+00    0.00E+00
  769.6425221   8.40E-01    0.00E+00    0.00E+00
  769.6710862   8.33E-01    0.00E+00    0.00E+00
  769.6996466   8.25E-01    0.00E+00    0.00E+00
  769.7282090   8.17E-01    0.00E+00    0.00E+00
  769.7567736   8.09E-01    0.00E+00    0.00E+00
  769.7853404   8.02E-01    0.00E+00    0.00E+00
  769.8139092   7.94E-01    0.00E+00    0.00E+00
  769.8424861   7.87E-01    0.00E+00    0.00E+00
  769.8710591   7.79E-01    0.00E+00    0.00E+00
  769.8996343   7.72E-01    0.00E+00    0.00E+00
  769.9282117   7.65E-01    0.00E+00    0.00E+00
  769.9567911   7.57E-01    0.00E+00    0.00E+00
  769.9853786   7.50E-01    0.00E+00    0.00E+00
  770.0139623   7.43E-01    0.00E+00    0.00E+00
  770.0425481   7.36E-01    0.00E+00    0.00E+00
  770.0711360   7.29E-01    0.00E+00    0.00E+00
  770.0997261   7.22E-01    0.00E+00    0.00E+00
  770.1283182   7.15E-01    0.00E+00    0.00E+00
  770.1569185   7.09E-01    0.00E+00    0.00E+00
  770.1855149   7.02E-01    0.00E+00    0.00E+00
  770.2141134   6.95E-01    0.00E+00    0.00E+00
  770.2427141   6.89E-01    0.00E+00    0.00E+00
  770.2713169   6.82E-01    0.00E+00    0.00E+00
  770.2999218   6.75E-01    0.00E+00    0.00E+00
  770.3285348   6.69E-01    0.00E+00    0.00E+00
  770.3571440   6.62E-01    0.00E+00    0.00E+00
  770.3857553   6.56E-01    0.00E+00    0.00E+00
  770.4143687   6.50E-01    0.00E+00    0.00E+00
  770.4429842   6.43E-01    0.00E+00    0.00E+00
  770.4716019   6.37E-01    0.00E+00    0.00E+00
  770.5002217   6.31E-01    0.00E+00    0.00E+00
  770.5288495   6.25E-01    0.00E+00    0.00E+00
  770.5574736   6.19E-01    0.00E+00    0.00E+00
  770.5860998   6.13E-01    0.00E+00    0.00E+00
  770.6147281   6.07E-01    0.00E+00    0.00E+00
  770.6433585   6.01E-01    0.00E+00    0.00E+00
  770.6719911   5.95E-01    0.00E+00    0.00E+00
  770.7006317   5.89E-01    0.00E+00    0.00E+00
  770.7292685   5.83E-01    0.00E+00    0.00E+00
  770.7579074   5.77E-01    0.00E+00    0.00E+00
  770.7865485   5.72E-01    0.00E+00    0.00E+00
  770.8151917   5.66E-01    0.00E+00    0.00E+00
  770.8438370   5.60E-01    0.00E+00    0.00E+00
  770.8724904   5.55E-01    0.00E+00    0.00E+00
  770.9011400   5.49E-01    0.00E+00    0.00E+00
  770.9297917   5.44E-01    0.00E+00    0.00E+00
  770.9584456   5.38E-01    0.00E+00    0.00E+00
  770.9871016   5.33E-01    0.00E+00    0.00E+00
  771.0157656   5.28E-01    0.00E+00    0.00E+00
  771.0444259   5.22E-01    0.00E+00    0.00E+00
  771.0730882   5.17E-01    0.00E+00    0.00E+00
  771.1017527   5.12E-01    0.00E+00    0.00E+00
  771.1304194   5.07E-01    0.00E+00    0.00E+00
  771.1590881   5.02E-01    0.00E+00    0.00E+00
  771.1877650   4.97E-01    0.00E+00    0.00E+00
  771.2164380   4.92E-01    0.00E+00    0.00E+00
  771.2451131   4.87E-01    0.00E+00    0.00E+00
  771.2737904   4.82E-01    0.00E+00    0.00E+00
  771.3024699   4.78E-01    0.00E+00    0.00E+00
  771.3311514   4.73E-01    0.00E+00    0.00E+00
  771.3598411   4.68E-01    0.00E+00    0.00E+00
  771.3885269   4.64E-01    0.00E+00    0.00E+00
  771.4172148   4.59E-01    0.00E+00    0.00E+00
  771.4459049   4.54E-01    0.00E+00    0.00E+00
  771.4745972   4.50E-01    0.00E+00    0.00E+00
